function Xprime = car_solver2(t,X)

%%
global current_gear r_gear throttle_angle
global h r_drive
throttle_angle = 20;
we = X(1);
v = X(2);
Ie = 0.2630;
M = 2100;
h = 0.3;
Iw = 2.565;
c = 0.5;
r_drive = 0.3058;
forddata = [
   57.6000  -21.9600    0.2432    2.2000    3.5500   27.2200   41.0800;
   57.6000  -10.9800    0.2671    2.4000    3.9000   28.8800   40.6700;
   57.6000         0    0.2935    2.6000    4.2860   30.6400   40.2600;
   57.6000    7.1850    0.3099    2.8000    4.5250   31.8300   39.7200;
   57.6000   14.2300    0.3276    2.9000    4.7820   33.0800   39.7200;
   57.6000   33.8900    0.3792    3.4000    5.5370   36.8100   38.9100;
   57.6000   54.2300    0.4372    3.9000    6.3830   41.0000   38.0900;
   57.6000   74.5600    0.5002    4.5000    7.3020   45.5800   37.0100;
   57.6000   94.9000    0.5669    5.2000    8.2770   50.4200   36.0600;
   57.6000  115.2000    0.6362    5.9000    9.2890   55.6000   34.8400;
   57.6000  135.6000    0.7106    6.7000   10.3700   61.0500   33.7600;
   57.6000  155.2000    0.7836    7.6000   11.4400   66.4000   32.5400;
   57.6000  260.0000    1.5800   18.7000   20.5400   89.8300   27.5200;
   57.6000  275.3000    1.6490   24.0000   21.4400   93.4200   26.7100;
   57.6000  290.7000    1.7180   39.4000   22.3400   97.0100   26.0300;
   57.6000  306.0000    1.8610   85.0000   23.2600  100.7000   25.2200;
   57.6000  367.1000    2.4300   85.0000   30.3800  115.6000   21.9600;
   68.0700  -21.9600    0.1940    1.7000    2.8330   22.2500   42.9800;
   68.0700  -10.9800    0.2394    2.1000    3.4950   24.4500   42.4300;
   68.0700         0    0.2847    2.5000    4.1570   26.7200   42.0300;
   68.0700    7.1850    0.3137    2.8000    4.5800   28.2700   41.6200;
   68.0700   14.2300    0.3439    3.0000    5.0220   29.8300   41.3500;
   68.0700   35.7900    0.4334    3.8000    6.3280   34.5700   40.2600;
   68.0700   58.1600    0.5228    4.6000    7.6340   39.6800   39.1800;
   68.0700   80.3900    0.6110    5.4000    8.9210   45.0000   38.0900;
   68.0700  102.6000    0.6992    6.2000   10.2100   50.4900   36.8700;
   68.0700  124.9000    0.7887    7.1000   11.5100   56.1100   35.6500;
   68.0700  147.2000    0.8769    8.0000   12.8000   61.9300   34.4300;
   68.0700  168.8000    0.9638    9.0000   14.0700   67.7200   33.2100;
   68.0700  264.1000    1.7700   19.8000   23.0100   89.6600   28.6000;
   68.0700  279.5000    1.8530   25.3000   24.0900   93.3200   27.7900;
   68.0700  295.1000    1.9360   41.0000   25.1700   96.9800   26.9800;
   68.0700  310.6000    2.1010   85.0000   26.2700  100.7000   26.3000;
   68.0700  372.8000    2.7620   85.0000   34.5200  115.8000   23.0500;
   83.7800  -21.9600    0.1991    1.7000    2.9060   20.1500   44.6000;
   83.7800  -10.9800    0.2469    2.2000    3.6050   22.4200   44.2000;
   83.7800         0    0.2973    2.6000    4.3410   24.7500   43.6500;
   83.7800   16.6700    0.3767    3.3000    5.5000   28.5100   42.8400;
   83.7800   33.2100    0.4599    4.0000    6.7140   32.4400   42.0300;
   83.7800   60.4600    0.6035    5.2000    8.8110   39.8200   40.5300;
   83.7800   88.2600    0.7345    6.4000   10.7200   48.6600   38.7700;
   83.7800  116.2000    0.8693    7.7000   12.6900   56.9500   37.0100;
   83.7800  144.1000    1.0140    9.2000   14.8100   64.8400   35.3800;
   83.7800  172.0000    1.1700   10.9000   17.0900   71.1100   34.0300;
   83.7800  199.8000    1.3200   12.7000   19.2800   76.9000   32.8100;
   83.7800  227.1000    1.4790   15.2000   21.5900   82.3500   31.7200;
   83.7800  253.8000    1.6840   18.4000   24.5900   86.5500   30.9100;
   83.7800  269.6000    2.0720   21.5000   26.9400   89.3900   30.2300;
   83.7800  285.5000    2.1770   27.1000   28.3000   93.1100   29.5500;
   83.7800  301.4000    2.2800   43.0000   29.6400   96.8700   28.7400;
   83.7800  317.2000    2.4830   85.0000   31.0400  100.7000   27.9300;
  104.7000  -23.0500    0.2129    1.9000    3.1090   19.3300   46.5000;
  104.7000  -11.5200    0.2810    2.4000    4.1020   21.6700   45.9600;
  104.7000         0    0.3502    3.0000    5.1140   24.0700   45.5500;
  104.7000   18.0300    0.4624    3.9000    6.7510   28.0700   44.7400;
  104.7000   35.9300    0.5783    4.9000    8.4430   32.3000   43.9200;
  104.7000   69.5500    0.7912    6.6000   11.5500   42.3600   41.8900;
  104.7000  103.8000    0.9865    8.4000   14.4000   53.3600   39.7200;
  104.7000  138.1000    1.1870   10.3000   17.3300   63.6600   37.6900;
  104.7000  172.3000    1.4190   12.6000   20.7100   71.3800   36.2000;
  104.7000  206.6000    1.6480   15.3000   24.0600   78.5600   34.7100;
  104.7000  240.9000    1.8820   18.8000   27.4800   84.7200   33.4900;
  104.7000  274.5000    2.1440   26.5000   31.3100   91.9000   32.1300;
  104.7000  308.4000    2.7720   45.2000   36.0300   96.7000   31.1800;
  104.7000  324.7000    3.0250   85.0000   37.8100  100.7000   30.3700;
  104.7000  389.6000    4.0380   85.0000   50.4700  116.9000   27.1100;
  104.7000  389.6000    4.0380   85.0000   50.4700  116.9000   27.1100;
  104.7000  389.6000    4.0380   85.0000   50.4700  116.9000   27.1100;
  157.1000  -26.9800    0.2784    2.4000    4.0650   17.3000   51.2400;
  157.1000  -13.4200    0.4032    3.4000    5.8860   19.8800   50.8400;
  157.1000         0    0.5291    4.4000    7.7260   22.5800   50.4300;
  157.1000   18.7100    0.7080    5.8000   10.3400   26.5500   49.7500;
  157.1000   37.2800    0.8907    7.2000   13.0000   30.9800   48.9400;
  157.1000   72.8000    1.2090    9.6000   17.6600   42.1200   47.0400;
  157.1000  109.0000    1.5180   12.1000   22.1600   54.1400   45.1400;
  157.1000  145.2000    1.8320   14.6000   26.7500   64.4400   43.3800;
  157.1000  181.5000    2.1640   17.6000   31.6000   73.6100   41.8900;
  157.1000  217.7000    2.5210   21.2000   36.8100   80.4500   40.6700;
  157.1000  253.9000    2.9300   26.0000   42.7800   86.4400   39.7200;
  157.1000  289.4000    3.2210   32.6000   47.0300   91.6300   38.9100;
  157.1000  323.5000    4.1540   51.2000   54.0000   96.4000   38.0900;
  157.1000  340.5000    4.5390   85.0000   56.7400  100.5000   37.4200;
  157.1000  408.6000    6.0810   85.0000   76.0200  117.1000   34.5700;
  157.1000  408.6000    6.0810   85.0000   76.0200  117.1000   34.5700;
  157.1000  408.6000    6.0810   85.0000   76.0200  117.1000   34.5700;
  209.4000  -40.1300    0.2759    2.3000    4.0280   14.3200   56.2600;
  209.4000  -20.0600    0.5165    4.2000    7.5420   17.9100   55.7200;
  209.4000         0    0.7647    6.1000   11.1700   21.7400   55.3100;
  209.4000   18.9800    1.0030    7.9000   14.6400   25.6000   54.7700;
  209.4000   37.9600    1.2350    9.6000   18.0300   30.5400   54.2300;
  209.4000   74.4300    1.6640   12.7000   24.3000   40.5000   53.0100;
  209.4000  111.4000    2.0850   15.7000   30.4400   52.4200   51.5200;
  209.4000  148.6000    2.5220   18.8000   36.8300   62.6100   50.3000;
  209.4000  185.6000    2.9750   22.1000   43.4300   72.0500   49.0800;
  209.4000  222.7000    3.4480   25.9000   50.3400   78.8900   48.2600;
  209.4000  259.7000    3.9570   31.3000   57.7800   86.2400   47.4500;
  209.4000  296.2000    4.4210   39.4000   64.5400   91.9000   46.6400;
  209.4000  329.4000    5.6280   53.8000   73.1600   95.6900   46.2300;
  209.4000  346.8000    6.1630   85.0000   77.0400   99.8200   45.6900;
  209.4000  416.1000    8.3050   85.0000  103.8000  116.3000   43.6500;
  209.4000  416.1000    8.3050   85.0000  103.8000  116.3000   43.6500;
  209.4000  416.1000    8.3050   85.0000  103.8000  116.3000   43.6500;
  261.8000  -51.5200    0.2545    2.1000    3.7160   12.4300   61.0100;
  261.8000  -25.7600    0.6375    5.1000    9.3070   16.7900   60.7300;
  261.8000         0    1.0310    8.1000   15.0500   21.6000   60.3300;
  261.8000   19.3900    1.3330   10.3000   19.4600   25.4600   60.0600;
  261.8000   38.6400    1.6160   12.3000   23.6000   30.5800   59.7900;
  261.8000   75.9200    2.1750   16.1000   31.7500   40.0200   59.1100;
